-856.059064301,-914.831125779
-381.101055974,212.458899236
253.278674665,-705.948680535
-266.395312271,936.101517697
-1075.31294747,-958.254704136
165.226918981,41.2747937428
266.057741508,43.0333803832
-388.496734805,663.013688369
-232.844212046,791.691263726
238.001082861,-651.233662522
243.67539498,-969.750589118
-715.974017133,-1108.65641228
-315.28903962,137.122115276
-52.9791155318,-724.49405025
110.82659755,-3.54513019563
-436.109798262,68.6424469069
-439.305701862,-32.6607705779
-528.018252989,1001.84842598
-352.831939068,173.652131427
-310.617365691,868.274736033
-260.962947111,56.4330112576
75.6046036781,336.415889254
-862.91334759,-1012.5779697
-346.474114379,223.839168965
-654.458874336,-922.036178062
-406.815001908,84.1932403122
235.847431981,-832.055399525
-0.833671755427,-8.48615238853
-45.6422568625,102.46690645
204.036879851,-704.622545872
-300.893588383,54.0834994182
-318.241930393,866.90894823
-50.7238008388,72.6010959767
97.9906193033,179.122948417
-143.416325642,277.528859711
-683.358400759,-980.366658189
-840.813618961,-1018.40029783
-53.2258834033,12.1483537252
-374.037507524,-21.8154116506
-840.198700402,-788.759746889
-780.058017273,-799.208148463
-252.147515555,788.673824266
-140.823348406,129.976371043
-902.327255809,-1024.0755503
-501.061479395,-897.193858281
65.8390370934,142.026851282
-836.838307195,-940.118307865
-271.252248242,865.137824425
194.57483524,-770.287117091
-165.726194646,786.450409539
23.632630389,121.476060848
-44.5796758127,135.723514955
235.064643867,-736.226177252
-504.561031262,-1077.46790349
-814.069748947,-1118.61816403
-25.9537310606,906.102529226
-206.991222921,870.168615135
-299.080272364,189.462655664
160.347901264,-611.937760815
412.235690189,-863.922860668
-309.705082921,940.096683042
-305.187022922,124.768415737
-108.497357976,111.690507375
-455.459487041,-94.1581827968
-261.020633331,17.0755198735
-721.59054456,-967.230758937
-30.1463227753,23.3291248142
-870.720990982,-1124.03865938
-375.373884517,970.744203418
-231.89762816,198.275059471
-215.44600725,837.743264089
-358.673697892,80.0502581281
-696.784923384,-839.111764292
-442.471674881,186.17290902
127.239667385,-879.211092912
-297.999912328,800.131778296
229.834933585,-596.95956028
116.025434526,85.8807796828
-341.622144955,5.22761699702
-868.558172164,-1003.2930825
-211.892072678,214.052765029
20.5993968015,-7.09747432301
-142.709898923,279.065353203
325.770670709,-919.485570536
316.104413258,-859.113048573
-1.60934641038,-54.1369541276
-247.836478879,17.6220221962
-965.544394803,-989.952909545
46.2330018547,53.9334776547
23.6578430597,-45.840244276
-110.339081775,734.003939224
130.113846847,40.8850576063
335.700744084,-609.032412656
-645.422044387,-910.819913455
-400.974467252,68.8664708465
232.279235494,-887.385636901
-710.551759935,-967.689069844
-310.427937032,137.579581196
-463.605087102,929.043248812
48.340121709,51.1094395663
157.754625876,-564.575113379
-278.189905697,721.177035234
-876.152903958,-866.267117368
170.448387446,155.246673953
-687.392414423,-926.527041663
-394.900591465,19.732986969
-226.977313207,220.932930893
-783.269693971,-838.987882002
-168.43167945,23.0022857842
-144.95422651,846.667750707
-399.165931419,866.588272487
-399.232773068,803.094270259
-160.389823497,899.403876741
-312.81511665,937.05709688
-362.144657055,16.8273455348
-470.737850271,1018.21511051
-115.12113962,758.309130093
281.926698908,-734.666461752
-644.47196782,-893.563217532
-832.557509725,-815.089888002
-240.427926677,938.831309792
-450.638802814,757.01355573
185.557608024,102.431568591
250.131311347,-740.400767971
154.987594849,8.57744517965
-175.978331896,904.573334751
71.5331346959,117.188974297
-394.427263124,131.719245351
-862.612194491,-1159.63658789
-128.624905457,977.673976916
287.538254579,-742.805377353
-49.4595083757,699.408607634
-410.897650841,205.706763241
-824.796463505,-856.216377891
-226.411174828,133.060435943
-279.601507347,971.309713309
-449.719103166,954.527227013
-206.793685789,71.3053505802
-879.097179628,-929.789466046
149.621971497,-627.674379419
-325.411652113,1009.21026511
158.450189204,-595.410573131
-345.418855816,965.402747289
-762.460789252,-928.030995268
-667.219966904,-889.166185825
91.6563667758,-16.9627332971
-294.651164891,725.190266433
-423.399256242,737.934201446
273.048161825,-654.407404768
160.645121895,-538.663946298
-331.16010672,79.5238991929
-337.191945614,927.158582794
301.72946963,-763.371458093
-269.766370583,707.918244496
-326.82610704,348.809132199
298.206787815,-737.969752193
-220.770574777,1018.68310355
-226.644758482,206.105706522
179.703324114,-646.004987917
-12.1563229247,49.9686583962
-476.426904425,199.962031728
157.368038918,70.2171619734
-413.986544211,119.843724426
-237.941937889,919.80072912
-383.335543868,26.0559446787
-119.678525646,1038.75357707
163.97027387,-669.534460895
-430.285667643,147.701449883
-415.841911796,231.47718803
-17.9685819095,4.3384982648
-429.827079339,67.17018501
-38.3489410143,132.113724129
-46.5334543717,-5.87694478578
382.88091463,-685.680987175
149.047099638,220.623583595
260.124000863,-681.140444494
-303.850356436,43.5214585872
-153.621814786,12.7300374425
-409.382411013,958.72963156
-120.6242726,262.880963016
-391.42732024,180.449316305
-161.627100389,-33.1867118815
-200.171491149,1005.94714776
-31.0325053035,76.0274615749
-645.929392836,-890.678584889
-5.0535802299,148.452936843
-275.645490179,21.4778057303
-3.50378670119,4.12889272714
-299.554264807,787.158497207
143.48859668,-734.093785953
-882.516762884,-998.195627986
-293.374324002,49.9071859613
-799.552450383,-847.19855122
-463.188387526,871.810261947
-222.021848485,582.248639504
-45.2352202113,-16.1998489704
-254.816666592,865.878164541
-389.519976395,104.987554081
205.068833695,-637.614899807
95.8452599645,-33.2178075029
-740.533021902,-1132.97983111
258.324981071,89.2530006251
124.106690817,48.5560335899
275.72278432,-524.476364066
-264.905033444,981.515858195
-905.715807627,-869.135863364
-325.694057313,272.701521254
-424.14265025,87.1438062854
-304.042025198,973.724134076
263.197922689,-573.598080266
-42.3661187962,-100.0902769
-380.783435403,165.910747716
-707.24245069,-977.662113599
280.16211952,-611.556164867
473.120529549,-660.218273888
-183.693733944,805.284480766
-325.024659055,846.292261904
-691.140320488,-818.306775604
-602.147960283,-1027.40781833
-326.228881084,160.380717123
-271.120554458,890.891821765
-513.568802189,162.082727959
308.863015018,-643.627336667
51.1400543961,-621.286930182
-494.914789668,88.66978541
-192.872456634,917.981466201
-812.296556482,-1055.00649125
-207.971263932,861.68685964
-299.504739259,1039.09004409
279.769329212,-598.03344992
-38.9027313941,-733.532599093
149.667896542,-829.860645738
-211.1297677,1009.46454503
-758.1860278,-911.228976493
-297.22986361,108.434960659
79.9900988976,-706.402872039
-706.991455486,-991.713648218
-336.957818233,-20.2378129252
-409.104928452,-25.6498924616
124.302837634,-784.884011534
-524.570271849,-51.7977327597
225.95525886,50.2109771182
-213.104941009,825.964174355
-187.650173998,202.30464006
-344.925072545,241.52727025
-95.2914678383,94.0715723029
-420.556784518,58.9573296026
98.9150065737,178.239467003
45.1188452214,58.7400972951
107.416092401,11.5311178997
-176.856616085,999.677672298
72.1502397274,-795.024141138
-695.881593322,-986.825491929
21.9662463367,172.430488222
20.9891271771,-25.3894131406
-321.093063704,148.868778284
-790.044443163,-906.600044316
-272.438630493,215.798929075
82.7210249538,26.8571391752
280.098693533,-892.63076894
-486.43328198,186.941493796
-824.660147092,-1004.72574706
15.4670664705,-103.808822357
16.1175531071,162.851017584
-90.9412705725,47.0697643976
151.112762001,110.868484628
-896.612579858,-746.026643871
-486.244947208,210.36417229
-474.856125545,-85.70486733
-684.349462653,-1017.21604864
314.244446717,-621.277760959
319.705251496,-620.786822062
250.275554133,-647.7710136
-711.511209612,-793.635135278
192.302244951,-566.308972284
222.042717798,-44.690912635
-111.371668034,24.1024243043
38.7327236923,-80.6806827225
-12.352602165,10.2048502964
-805.014607205,-1019.74208206
78.3429889292,47.3310398831
-890.743783936,-688.067138617
-335.120652667,110.72433734
33.468110009,7.11995606994
-717.072881387,-1144.57519714
-839.893758123,-913.59548535
200.406117628,-766.686541806
268.035034658,-630.478474135
-842.959254,-992.238297143
-979.193664335,-1005.62428089
38.5430355563,40.2585621344
254.949902832,-738.203341712
-378.921546147,70.3425299709
-461.503864711,877.229115604
310.083447541,-734.574443826
10.135476934,13.4292249267
-325.490435031,920.67999561
-401.155974115,-23.2587615153
322.753177728,-785.914143536
351.886318433,-757.272764352
387.714205215,-850.109202231
-898.916205913,-801.331956856
-396.342849344,-61.8592166426
308.179199858,-682.720545174
-256.63469547,1018.17379041
-277.545195486,881.328662789
-339.856111492,62.4188239719
-301.584209807,808.018544532
234.631760543,-692.183070497
-326.299937786,135.270793541
-216.222728756,824.998951243
-171.601085216,852.07752027
-304.30835558,35.4862626039
270.417839599,-727.518796306
-308.943139531,36.1152242887
132.835062402,-833.045196854
-75.1278796873,87.6412158053
-334.466967502,151.244869612
56.8346502408,10.5295033586
249.2204314,-839.192024064
-170.558909733,981.73851098
-137.554291867,16.0798333462
-340.740954495,920.796172369
-464.271304766,3.07579144832
82.73469676,33.5838668846
-343.117716877,796.01268029
-85.8226136709,975.049209685
159.040463988,-7.87114718351
200.020606412,-658.646922075
-778.994938045,-855.31389625
240.803156941,-874.531380503
419.249583922,-774.670489981
-943.993435475,-1095.06402755
-854.990813952,-960.601449399
-527.584682408,43.0064522568
265.160712219,-844.044375895
-374.978693564,815.651065334
-439.494945821,676.806668589
-661.937485858,-1134.13666922
11.7279883806,92.0945827166
252.309201526,-844.63294569
-236.804564031,875.503463258
-162.015116778,1077.78697212
3.5754720919,307.259136095
-122.767177875,100.393232824
-690.640434558,-944.503909373
-932.59302688,-1030.92983437
-752.896868815,-1042.86724352
118.863190463,34.3592296378
-240.525425657,194.881077434
-784.058508304,-957.965994478
-756.968992968,-885.744906025
-477.772268355,206.263650766
-329.41211657,17.9012267863
-43.4733157644,212.654490855
-480.955992633,188.046396717
-217.529158077,904.544661664
-828.962905338,-999.847501165
103.77423477,58.0047286054
125.78300503,0.87588663115
-385.844676022,1008.7530868
-176.190185649,874.715484558
-788.528625254,-879.883916355
155.970935324,-717.714099872
-651.645506064,-881.073299805
-720.204983812,-886.323872822
239.414489308,-705.626034442
-445.454340408,981.399487879
-243.008667957,90.8859504518
84.1987836619,173.039846334
288.809556605,-545.407136242
-401.116971867,187.206937693
19.5944741484,-21.3887283406
138.561913304,-649.01155384
-370.626228205,1103.64135109
-289.982401268,66.3774394085
-179.525607652,2.85608075485
-125.350314964,-103.344935051
-321.283049657,88.8673881153
-333.159024689,975.008759996
-253.34628884,899.578129049
-570.442814248,130.141511475
-282.228359181,927.245362247
-282.0995348,156.817193562
-850.900260771,-950.021266675
-210.166942641,129.599403619
-98.7050299722,109.588897621
254.997062149,-800.002190817
-427.315351911,724.560984151
219.351106692,-745.26650484
-783.573036974,-826.153285258
363.28557148,-658.42538283
-174.841279588,46.168581524
-350.799103952,9.33533157788
-349.957475105,927.825520049
144.691523826,82.8478082188
-301.86088997,731.308982168
275.852379375,-827.774503891
-831.338669571,-873.810138439
-382.856123945,318.181337379
-64.4353488239,891.586296887
-990.011196418,-896.288848513
-233.477622979,827.819887452
131.22631583,35.8099412111
-439.005276827,201.707086811
-245.100506219,-1.68498130008
-274.137286504,50.0636774757
203.653409328,-719.797340056
-305.603938627,982.78190645
-246.750142593,106.557645635
231.924145551,-778.634635797
-180.063263721,840.036356739
-460.722166015,972.437287632
-259.798180928,839.146547259
170.859082385,-670.635401526
-136.26482152,62.874468428
374.420688371,-706.965657342
161.915530726,-568.127153313
-749.47758571,-1054.03822283
-399.265361472,-19.615083631
-415.211922802,238.721995409
201.32588278,-622.567340249
103.805632134,26.2945709112
-836.948943756,-923.678707062
-377.193410055,18.3988577128
-641.977260517,-906.460984181
406.13132919,-534.444963526
-433.754761409,154.923324988
-887.526344905,-1031.44501274
-464.946139049,2.41148259992
-227.077075981,891.390730179
-853.333141409,-939.732023747
257.95643143,-643.856941687
-518.042134157,865.323442104
191.99008405,-948.779797603
-723.830881108,-920.163099446
165.367381258,-691.97814279
-25.4017782019,150.855743428
-334.174807393,842.217474877
162.415025769,-893.458022141
-787.597287461,-1076.38950448
-943.964497789,-1022.1501903
186.029193739,-678.724799552
285.835486134,-885.16900807
-303.429202374,-45.7108748435
-60.1829139821,-15.4482341402
-78.1087023911,212.216355685
-338.001042476,989.880747308
-802.049835231,-1007.0926746
-756.63988431,-1024.94934929
-427.00211157,217.887190472
-384.353383679,-7.37770510982
-283.054489228,898.519688254
-840.999843428,-967.430315154
-137.701209212,25.7868776491
101.467278953,97.0984598515
-340.960783501,840.438953804
-844.040348773,-1052.40632872
171.030885785,-721.636927966
-284.683979332,906.997571706
-1004.75466162,-820.397141524
-241.870109446,789.636513971
-395.640725941,868.948687614
-434.45429824,704.884709174
-144.746326998,984.88968589
291.699103849,-719.545690014
-133.871821561,87.6762620657
-305.041651439,38.7767400032
-423.968478336,891.939677892
95.3817403482,-764.927741307
82.8171952651,111.613781764
-641.520976902,-960.329173396
-173.53379231,43.8495988889
-134.678787743,996.932604127
-429.28597326,185.156357257
-98.8424955424,336.24408681
-403.750164319,908.127766593
-310.737485531,-22.9566497362
159.53927933,-569.997459154
-8.66463352036,175.198744648
-256.051283219,49.4678200089
318.437708883,-804.511872087
-423.154728344,894.931970525
-225.70845719,798.868577826
-819.925640997,-970.88451986
-399.468821297,81.2235649545
164.709114653,-65.6869110249
293.052875629,-455.969790694
199.689509807,-792.238972271
-46.1194190826,-59.4438509312
-256.274811267,824.447995192
-259.626404887,761.51232947
296.206065794,-924.166265622
340.888258065,-654.047963097
-773.454790533,-920.722742635
-31.6832129048,-132.88145005
67.6758418474,-132.781230786
-143.986362118,39.3689945227
-841.260023481,-971.290034925
-217.772593497,838.104434736
179.889596138,-16.111771405
-234.403785567,-8.42728469054
78.6013938804,26.0445079104
267.617195687,-741.532659176
-430.986212779,761.416823136
-297.651187547,871.287212699
117.605882317,-105.805503035
-542.261109761,197.455938327
-340.316911687,-24.6825454326
-409.261115339,1062.49655406
299.796449266,-641.758837768
404.611311663,-893.752195867
20.3843475902,7.78373156415
-302.247741658,191.139638793
8.86141048926,0.615670990155
-293.15900001,971.190646632
90.3691277441,113.339795609
-885.599514568,-989.383741326
-439.546170298,140.550035405
-359.174117596,745.343288203
-845.270983487,-825.201751821
-48.7208522001,58.4056660398
-527.517760066,733.027244137
-304.217816041,6.2696565114
-403.138969721,1060.76189875
-299.551980177,877.470008916
-889.429901971,-880.548353939
-314.513908747,156.631311126
-726.238893555,-774.0290006
-235.627085275,27.0764551574
-45.4858230836,76.6979385369
-389.132071154,-104.10671357
-441.014342165,191.350488616
-174.620889886,93.6256352731
-301.582555931,93.2491876878
-710.202484095,-1104.48928082
-682.016296636,-960.623589541
326.933994315,-691.734469546
-280.687864897,60.5013065315
-148.004120383,862.345281699
245.805705062,-693.423570224
-410.05942411,320.808925523
-762.019409779,-843.3670365
106.814427606,40.3856093826
-418.607554619,34.5981398843
393.800755004,-876.83907016
-258.48273126,191.243588524
130.492919887,78.0411482833
-838.136814549,-1058.56148128
-268.864771245,129.659464143
155.109393941,-807.774575718
-244.008892155,33.6574594301
-403.512569591,1030.30617995
-412.102439188,164.883452659
-824.048128131,-843.246324917
-267.47096443,877.075149166
-264.947812886,640.392240985
-246.219008685,899.718388558
312.855350984,-775.56282686
-809.612187861,-1071.24425352
-467.304458115,284.188568688
-896.425706827,-1036.90153486
-690.576377564,-930.251588101
-334.284403212,-85.5427309213
-791.107931042,-936.211449277
263.472807362,-614.974449544
-330.50611832,29.4292830787
-319.59994302,1035.89815824
192.455085909,-656.321962936
38.1653672986,155.063971872
397.148280181,-899.201024232
-823.318177266,-789.084290906
-233.186570776,697.477770561
-119.944145093,90.1709594083
-774.539157208,-810.129939281
183.259044712,-632.137247219
63.808064698,-734.339797207
-25.3980047613,6.22424715216
30.2333894624,-80.5871611186
295.840468597,-686.688613261
65.221274133,-47.8842972285
85.5959361346,28.9986001206
181.867147224,-823.234625697
212.931675311,-659.479147273
-398.616563392,987.715237845
197.825551853,-790.320577953
74.3920726926,77.9746569464
176.900198732,-735.084361736
-180.206115213,832.773972515
-521.738851877,50.8608202146
-282.775557409,838.213143782
-21.5874565923,1029.86115834
-349.463871156,145.710238428
-170.197542417,870.913708471
-854.683296564,-976.926187486
-163.474714936,799.188969201
-340.155891274,818.574517315
-440.37972975,148.260485666
-125.839080753,624.018066361
-928.932485026,-1039.82678892
270.500699137,-875.335887831
141.909069833,-699.498502081
-287.774443622,26.8165879744
-29.6864769068,-214.761972467
-239.457776645,974.086976746
-380.393304824,60.217461484
256.035052404,-673.222876031
-706.945015448,-764.878673973
-325.635026066,28.026802316
26.7544850776,-106.979296901
1.64719738493,-8.163407565
273.754935262,-710.544553369
-721.157385187,-924.289885623
1.06751537757,-99.5183392285
338.871385754,-746.288381391
-467.197575242,150.617959533
-443.879358802,241.344992065
-363.599731849,944.424595315
301.007114294,-691.206273515
239.370469166,-755.339890188
-675.775163231,-981.352488533
227.494954096,-707.079076146
231.30356615,83.5889441763
-732.133445659,-735.393160242
-95.4888225683,-44.4647325636
-1.84992089175,1.41553539737
-438.307931127,110.036444215
319.739533022,-606.989514556
124.445870279,-747.596604595
-13.6856832571,-103.543468129
-809.529363036,-906.011113083
-279.962696922,735.886730452
-206.949423001,291.964086279
-737.421613289,-989.885856975
-201.549449199,785.303207531
-539.086354097,188.53055175
-371.586634727,33.1022119068
-666.005394434,-936.204231963
-91.1287793976,796.8043068
-242.759008899,192.617315091
-20.2104624575,125.156968453
-217.09712607,882.881610926
-13.5471989569,19.3531034601
391.52256558,-853.211968349
-754.967505039,-922.00353575
364.865954865,-664.882354185
-251.815924219,148.522814835
160.609404271,-773.841805252
-246.899524799,722.68494247
-951.303375916,-938.58112534
3.08166476847,179.654406959
-3.874104919,53.9095159332
-321.580312139,29.9116997914
203.8503663,-764.437544389
-933.552880801,-1023.0519918
-261.10371331,930.846780249
-467.138874818,79.2280755141
-412.88253658,1051.74037212
-343.139205867,920.96741724
280.977339029,-623.329697263
-243.996042724,240.917604667
-467.678723548,136.240173716
421.307401182,-818.477471603
-825.746511974,-917.18405537
-487.960204343,64.9026732591
374.040006175,-617.007438755
-824.982813304,-984.972667056
-273.913137986,1001.71559499
201.058737232,-724.715016864
-257.793132616,124.106600877
-755.476913041,-1057.04501412
-311.326900584,184.799997857
145.812229303,211.258527444
180.235999476,-697.216748477
-407.80243617,161.888879974
-364.3666027,835.795676181
-24.3423037797,131.729801017
-475.012761635,146.138454222
288.731153345,-612.032035514
-259.666784364,904.6457804
-528.499850793,-902.833611099
-926.01629395,-973.62987706
-877.562959476,-985.666389177
-869.985435844,-711.410591301
82.8613054793,95.3863364835
-923.798600659,-1101.23586636
-176.829134346,963.462519285
39.107320157,-78.3196891235
392.86013928,-579.961059289
-255.003201783,859.914956775
-384.043485776,904.021944948
-355.905859493,42.712529216
134.557675122,-647.911668323
-178.226016486,947.23874836
-682.667912062,-882.888564363
-758.840318553,-1173.45483069
259.837647024,-476.486370766
-173.72056238,119.469299262
-132.552763385,822.866103426
-831.923638112,-793.551658889
-846.883749431,-819.261118417
-283.844905456,924.746992235
60.2456394209,-5.82750534069
-633.798652879,-1072.66439829
-912.934565275,-876.228544094
-763.249468328,-951.966365643
-256.769612028,778.316716027
-256.935880066,828.550517163
-455.269864078,967.627127009
-324.96270025,774.199474745
-755.883492435,-873.586479023
140.630078431,-18.857096734
-339.882568729,258.132245624
-315.86128103,918.675994243
-24.8150303252,215.71954142
-418.699516878,41.5444661436
59.6283953532,194.330999742
-428.631748595,768.4472341
-11.1690901844,137.054398979
135.01869634,-841.052461043
-333.964804452,-33.7936238831
-886.226834112,-1153.72121777
99.7138950137,-109.594689242
62.5988847335,132.766898805
-816.301408067,-933.462970211
244.573232543,-792.050472313
-367.292991691,64.6343921453
-549.476584452,67.8159322292
271.986713095,-835.867251269
170.979311913,-680.731462517
-313.31630387,883.051267829
-835.78951108,-836.7294522
225.690177545,81.2111726616
42.0234051455,40.8347780059
-860.395924737,-1072.83505277
380.392621126,-641.79640251
-504.436539789,-16.5314231022
-375.800570291,902.990502714
-884.980729003,-1074.32760276
-547.838033998,161.512869996
-1120.50194761,-871.951016159
-761.377468788,-833.710672031
-500.182782865,357.182181828
-628.69882406,-1072.35482889
-342.116780572,144.625739826
184.791008261,-678.610479365
-831.203256646,-859.129260215
-15.5406340653,185.729278836
-83.7459869178,31.2398213962
-334.390516122,1031.26882073
-445.748944476,1066.12726754
-46.4387236346,145.580282261
-401.947526102,-176.464045468
-76.6206086647,-67.8109889448
-702.560808687,-1014.67559865
-629.699401291,-1005.35697309
-884.189859377,-789.836593736
-685.366388726,-1001.63879191
133.088284997,-617.29351665
158.024818494,24.5715568351
-232.014973118,711.900655112
-285.00965867,794.769398581
-312.670166042,906.29327999
192.101638993,-754.949467906
-66.8789487015,116.801214884
-545.696193267,112.885886486
-842.900938211,-1032.65674379
-582.218379831,-59.5628917097
-264.325064256,98.4537607602
119.87165704,-588.997362113
-279.350242973,100.223830586
382.892368238,-711.356193705
-317.636913465,-201.251790079
-903.676984949,-935.822528298
-886.377043109,-1167.53998184
-99.7445710271,166.24130379
-603.943024924,-1071.79288818
-414.104471467,212.16110189
-833.70403261,-933.534250553
-361.862703185,18.8648458857
67.7867462868,-694.777353971
-128.850545084,142.961480239
-406.037887759,-69.935329558
-400.768934864,105.760531459
-700.997890563,-935.46218575
-452.567216803,200.084054745
297.19439172,-643.035991513
-953.978843461,-982.468434469
-381.406720139,200.246251874
-819.35815038,-933.645234567
2.80394749667,166.313202431
351.944090714,-638.637589563
-335.12535576,987.888960703
-367.6133304,1039.50689438
-648.134596214,-892.383238258
73.2317190978,6.46818999601
283.067637926,-894.633000436
-883.422368872,-995.130709896
-348.994417321,122.809548546
-829.462896309,-1031.75144543
136.869632599,-740.516848961
-282.835150123,290.325450377
221.430984953,-724.73207207
82.7830040161,-788.47033827
-360.588043509,962.329236803
-127.877888588,1027.78995863
-325.541099225,19.2422326795
286.920058904,-833.824385694
-224.255690677,1085.14512752
294.942290215,-887.840466129
46.4132231644,133.060691479
-564.615020452,-15.3265237859
-899.919396391,-823.730359534
84.7523729776,17.468778749
-290.070491856,194.309759005
-378.333916336,131.087473288
-388.097909556,923.216352941
101.760947054,34.400691313
-748.628764179,-952.672160485
24.5353752033,-667.945305343
-277.13507361,761.038771973
-284.273000957,1068.36389788
292.636766593,-727.504524613
-645.736661515,-993.416220402
-190.038372464,-58.1893585661
35.2083133982,-48.7016678753
-310.842917014,-57.9909494032
299.886621185,-768.27678295
-356.87849529,773.688830973
-16.1280501508,182.353949825
-693.178456186,-1031.60836833
110.116635024,-828.426422759
-415.735516051,93.9932682256
-373.436092566,33.9710705749
139.151173379,-586.86817305
-604.277061302,-937.917768732
-792.34577794,-1038.41314665
-740.798035124,-772.34184178
253.021243778,-918.71612395
-799.550387377,-915.00981961
-373.144122506,1111.03540599
-706.670646704,-1053.1157824
272.276277385,-659.151267458
75.8708660743,-600.310421224
-775.232633525,-962.963012669
0.907057722515,68.6404842597
-69.5831850987,44.4905489846
-179.526620772,-53.258292676
-427.928714731,171.553721023
299.490615596,-725.993879846
-110.203363239,40.6898050678
213.449398655,-838.982985017
-133.673076252,879.695657909
114.761193606,96.9712756834
55.9389007388,137.341664856
-375.295121338,1066.8719274
-878.149975671,-867.404865085
118.145007845,-29.6419610673
-877.800661513,-961.229834063
-869.539746459,-985.775668738
-871.505916298,-885.518549544
271.158580308,-710.496022661
-859.873691313,-922.108890756
-236.464332802,1028.82867872
114.435463444,43.0269522125
129.142003459,-662.518961819
102.507597677,110.429830714
-649.102941827,-847.411067012
398.405843259,-676.232560147
5.56355245408,65.4803537002
-305.240128351,854.071071593
-421.028192527,797.281861724
112.071516764,53.5379315381
-758.686153542,-921.878681658
-429.827574796,757.210915593
152.526682161,-768.099780974
-181.257510555,964.670112005
1.71675952361,99.8093419409
-286.796463416,777.910764716
-315.341518271,113.381247176
-30.5121026462,13.3618682012
-927.704008003,-954.847151351
34.1256230792,218.259341455
-360.052072415,90.4574633581
-294.542118502,1129.49620276
55.0482244632,44.0726171033
-449.217908964,-57.2801776444
286.158966426,-682.723866815
-232.195737786,41.2220028598
-798.557551212,-1023.27820203
72.8958486302,-77.7054317877
-299.995357778,167.8904943
118.548359445,-637.101786274
-784.225541874,-1036.49303047
237.937359187,-734.249128036
326.442279389,-628.619170353
-261.186186017,753.397695812
-803.613240522,-1141.71619971
-398.999613162,961.207813969
368.593490573,-714.501472968
138.522128401,50.3884813163
230.153785149,144.332568212
-323.668703215,178.130280659
-322.552425808,162.235217801
-180.964184902,159.592948526
243.22185804,-623.745545892
-824.343692995,-917.734881625
150.702563381,46.6733083343
-322.574055732,1030.48636124
-253.865616358,983.798191034
-215.624438825,961.07283079
396.881792633,-668.183138467
-242.348891306,855.882589171
51.6393956815,-694.710602418
69.7366475983,107.990018818
232.52055839,-566.056112003
-126.305248731,-51.0909649088
-727.585370599,-1171.47419953
-401.385194785,867.541697332
-191.523394556,36.220953597
298.205259337,-523.442895805
-14.5906987872,128.831916453
-340.10773431,7.10141754742
231.154288253,-744.721907052
-399.634022113,54.9947782619
-722.280787331,-1055.14489837
-847.345015383,-962.439873586
-470.786416146,-14.2827210692
-472.188369231,99.9179287948
-289.523322525,7.92248502426
152.795945118,176.07930671
160.231863251,-556.952282568
-432.72069039,82.2068026274
109.270316205,151.096618194
-728.910770526,-1068.64042386
342.974391312,-705.629946438
318.032067047,-856.470839004
-554.214056772,714.660217799
-866.803672154,-1135.83836891
107.196345924,25.7187734375
-341.019851469,850.124196918
-810.883677122,-1042.20891845
-473.478807761,911.155215258
-27.7438234081,-594.686780089
-957.181922083,-1144.78466125
-845.890324133,-940.845964084
-212.685246071,998.160425989
37.2819389156,274.277346128
373.255604849,-811.285276922
246.31229465,-536.12040892
-27.8941211059,77.4166852243
-659.711471302,-952.686592822
49.5102711227,107.854040646
143.059734628,201.346451358
-352.186300031,190.547931659
287.306691035,-634.165094293
-292.689442956,948.738495211
-1.18535522515,232.69760541
79.697197393,-476.85577636
107.39275204,-630.269091481
-113.301538888,31.6433855914
-234.071272326,276.413095133
-548.526329137,82.7665927645
170.922373773,-617.79839022
155.790834637,-682.448961597
-338.932322853,113.031695732
26.8871800464,-595.362669284
255.669860452,-722.156022181
-215.313423313,881.135338136
162.749242112,-851.868002505
350.14114236,-672.207675533
-354.346757423,115.802852839
-30.2902748587,123.564265629
-89.7878869776,893.069337501
202.609028846,-844.403629215
-728.535201698,-828.630102883
-677.577366266,-962.739297761
-913.619316607,-893.683594665
124.045083705,-688.172976345
-773.216015658,-1027.1176831
-377.835441105,-38.448809733
-413.515860638,164.058128128
-56.3465506877,128.031325575
-136.54992673,810.514568484
-813.46954407,-946.950977503
-516.326822044,193.326113982
-815.733081596,-801.739820548
-501.48473601,63.2036899086
292.008506133,-775.784790206
52.7950271663,-835.007106603
-702.06250484,-986.064302512
-333.870991868,936.188735796
16.4001785609,30.0432988561
-892.323288401,-849.633788102
-293.92336833,93.4902474827
107.154744124,132.963470522
177.220550987,-707.585574853
43.916536476,199.857718122
272.192224332,-959.305381734
-353.568655317,141.163330935
-306.19377469,213.393206037
86.5702125874,-693.95091813
41.0812099701,178.034485959
-737.450524697,-1090.64854983
-71.1627002503,88.791474088
6.38211266411,10.4700284916
-196.304723496,901.104618274
-970.195877116,-998.059712885
-985.153302684,-1065.99793124
-282.128933752,926.460185544
-895.008305459,-910.042429328
-625.758080659,-1026.04690696
-642.798876099,-137.286813572
-0.394023032778,105.151088005
-275.111395065,202.276798649
-231.253592401,795.849456734
165.13680142,-730.170725402
-137.96226836,43.1838125803
238.211727531,-838.845677069
121.150584799,176.549843957
297.100439523,-574.235561072
94.6406594849,175.942002472
-217.032354097,1013.9542945
-154.466100794,811.854873085
-331.890436257,982.9718129
-217.64565652,739.62325301
95.21884856,16.3197153615
346.457136381,-765.63563114
-66.0456564574,136.579880053
-697.462009378,-930.995284928
-369.676914189,950.360863811
198.670213327,-660.331809611
-812.586746385,-901.237649195
-362.994659659,756.245709114
-3.86690287757,243.942312738
282.360610329,-809.987070101
-778.425072209,-847.417170514
-906.633121382,-1158.59223395
-319.221908911,265.16578638
368.559370342,-779.131281454
-8.09137371933,244.538727366
-239.004048319,918.036988501
-813.740982861,-1129.2826683
56.4484210542,69.3436911481
333.167219261,-800.080749355
-729.831414693,-775.787307847
-270.610037147,820.870060926
-274.418835571,-131.442244457
-341.56548523,133.468440916
-250.162686382,792.548099955
-874.493133755,-960.616039044
-760.005857813,-919.424719141
-197.009540484,265.890434554
-343.477074548,939.345516139
-429.92598295,826.758616299
-835.323244915,-992.33197223
-823.128508072,-880.286528271
-358.360281288,108.389670401
-174.293298455,990.184845486
-870.465591731,-1089.07186665
-157.437104441,269.474134546
-568.87268284,15.5778080733
108.012698271,22.5769691718
194.757594422,-778.635048434
-397.55618152,828.103544895
-793.605803932,-923.528862801
-72.0238414007,909.804442526
-368.936977491,230.493325114
369.229198592,-783.131401925
131.809251227,-765.383804809
-691.815052904,-970.253448989
-279.330881067,807.985175951
-405.610742683,1054.29972544
-801.776616396,-1061.2051402
-584.277592032,-882.358245768
-467.071206031,5.54602203162
150.594531685,-676.684472198
174.713950727,-865.911616832
-164.276009943,1014.96545002
286.079890248,-728.301861822
-882.468043065,-1102.86402062
249.769110848,-729.337583092
-290.202980339,917.83255974
-427.436358781,0.568722348413
10.4327619205,127.459370147
175.866346013,-828.763791496
55.5408715408,98.1303882353
-291.98940301,831.22981154
-849.212621179,-1047.84881492
169.094631537,-715.868318485
-88.3427257669,87.9935962359
-394.479854064,91.5189191051
-57.0264961788,120.55280216
-348.260469978,108.718352232
153.072778879,244.518864675
-268.04364892,-3.82498735831
205.296710156,-820.762875654
-342.431950246,129.868228454
272.75520496,-751.629475831
-155.509704735,177.478345445
-233.625457702,916.475189394
167.425246317,-857.421447446
66.0298944665,161.636737218
-51.3708468026,209.613557101
-349.380073924,-5.25401804222
-115.566539869,59.0887057683
-269.624990817,842.38766844
-27.1820091895,62.820422466
103.085068782,120.647198643
-224.945074133,949.965488129
-241.306003261,81.5325927645
31.6284121633,120.859798068
325.638883474,-897.274017694
28.6733621532,173.518694355
43.007700721,47.9314997892
-275.22675592,115.691839879
-5.89131973493,281.470425914
-377.715070211,870.60133825
-327.053061082,111.286605269
-334.071935638,58.8555438591
-573.091900212,101.529136918
-826.187606989,-929.017523302
-746.224743585,-893.364579847
-328.550227653,889.643906832
239.065752397,-720.661168568
-429.03136153,78.2138940855
-691.53028293,-910.479325394
75.8987485305,-3.85836040796
-317.210501181,957.02279637
448.665280518,-581.566572155
-81.4641148953,229.257875188
162.250535105,-699.958660289
-305.132843847,97.0400599834
454.389596134,-729.905739557
227.536159793,-701.420359249
-124.423912444,-36.3218262036
328.480032108,-877.805381751
49.8451881034,-44.9940311582
-71.3371453743,137.272256932
-320.735480468,210.597974799
-167.945259811,3.83272975875
-360.620377577,820.140686076
-725.757602475,-900.919663754
132.403707642,-782.101125199
-863.970390504,-1021.695979
-786.284178502,-850.210370066
34.6846037167,110.081572872
-322.728452038,935.612238112
-775.18954205,-976.731395486
-922.482351201,-905.491707195
31.4159352532,100.752495203
-403.625082448,92.1500625716
-213.80403483,4.86318245655
-887.970149179,-989.80599341
-11.2316822472,174.444875966
-293.600618743,940.478737992
-842.558623963,-852.414091981
110.461797942,-709.565704962
-225.681425455,-40.8715108462
188.404787073,161.149544533
151.71879599,159.769239675
268.121517862,-807.916774982
-996.729035123,-1062.00370292
-445.108247126,941.094547804
-76.6879453357,178.431677256
235.308623553,-859.423821127
-893.82649803,-1008.6899022
-707.79657908,-858.655101083
-935.236339368,-1147.02385096
-183.86268433,162.740415376
-272.966020251,57.7695298855
-460.007589687,-2.53715711651
-359.292968346,901.790913797
196.209113661,-688.605164658
-259.535241055,883.267778007
-828.783733522,-768.390441766
157.432119979,-793.721004172
277.143242089,-691.842752243
428.378393357,-564.679431057
366.518384599,-735.590055968
-101.134032297,-107.74797158
-801.500100545,-1097.05144248
229.921872759,-613.404416293
295.666216591,-615.009281579
-302.450925887,90.4982566423
-18.0581501002,149.855410418
-18.3031785792,164.277788946
-931.44898785,-930.827088661
-419.584435607,198.251703975
95.4705181793,-718.761419626
496.710136218,-657.794537012
280.526184033,-638.836556862
-403.095910636,948.876040097
-506.968324122,-62.8207871838
-139.534781968,44.2801032741
-311.797804911,-25.7565563225
-253.050986288,999.351381109
349.197657489,-592.159248529
-318.092755082,82.3738690634
111.507570535,-675.057482641
-891.571343341,-1013.41411595
-324.117091963,809.649230563
-348.663583771,142.246136185
-729.304920443,-899.186715857
-929.866102096,-919.143090478
-351.832307585,110.298560902
-1010.52008109,-816.802108401
-325.072165969,745.586827301
-794.701371788,-986.546300649
-13.1673084288,42.7760334031
-861.486980604,-1066.84008623
185.659013789,-704.284623379
54.5674168757,98.8709740961
-726.681935778,-1087.36565639
-73.4883809099,256.912451996
-168.91150771,127.198216566
-361.786753812,172.457498546
206.853587094,-644.674470797
165.401059581,-654.681633466
-693.20633149,-862.551824307
205.806691626,-626.152461243
-323.183722642,75.0402730441
-266.832839822,1062.02997786
-482.847394817,311.292443157
-424.727083361,162.181637147
-225.812665829,849.053309829
-300.808886,171.882429236
-353.620419343,967.820230573
-450.264691767,960.625368416
-291.50442001,137.245510651
247.176674326,-884.120816806
-292.766591714,957.050303902
-252.152951516,-9.87751643341
-880.307958389,-1026.9572785
-125.142011689,923.301594354
144.289523369,-612.842703855
-217.217130363,833.180817741
-893.432825042,-1027.70925139
-245.902569804,1004.71326646
-757.278262909,-1081.19698566
15.7870626709,42.229461922
286.593085725,-634.605854094
-257.953052838,1089.05098681
-273.282428066,812.971021345
189.809153251,-819.187245652
-175.960286863,207.387780935
86.4849538324,164.113271078
379.499444338,-716.356709154
-444.91276072,96.6105697718
-109.327264675,134.584605567
-379.205561283,1043.65710991
-373.319599136,1036.06361454
18.1893870545,171.945584277
-727.371823846,-930.214169067
422.600110314,-854.387052947
-800.985493801,-1009.4301618
280.74514702,-648.079197615
-248.74627042,932.146865648
114.050880981,155.069452921
-423.617476621,803.274671154
-362.155235125,-125.104194461
-891.068528572,-1045.23012583
-243.454764247,25.4115273763
-405.394092911,1071.10582658
280.35537974,-685.238326263
-571.301310397,268.215040647
-368.968932942,796.141705927
-120.65445564,722.649545769
-29.4308386314,31.4221900456
-253.840235911,1030.84661466
-836.638530707,-880.136198302
-881.381538467,-1123.0088857
-878.887921138,-839.225318428
305.94899952,-507.235156392
-975.489314203,-1045.14770704
64.3000882555,209.586388995
-405.356500159,795.254211122
-276.000441402,850.660302338
-101.471911875,126.243929699
-346.658262874,90.4771563387
-172.436657645,880.893846411
-625.944478899,-934.54541034
-55.8160473406,-37.4940582593
-355.881648085,207.226836664
-746.536170956,-1062.9551223
-745.242096129,-952.340243799
57.0269692965,-601.978534542
137.961571123,103.965842524
187.506636858,-683.233147409
-357.995881964,158.930440586
-267.963095344,28.2732030107
-311.310002587,857.864645921
-868.89784529,-934.019414517
-813.224904566,-938.025749502
160.458755782,-761.582738832
-176.847124808,-38.4543047792
79.6882447364,-31.4914906827
-78.6526078033,-5.08197185802
-391.753451572,140.963679629
-450.630614346,994.832788615
-769.704532349,-1013.23413786
101.213100154,314.239157895
136.188319045,59.0745416648
-899.140063993,-1083.14298503
-59.5930330124,178.959260032
-806.103917805,-1045.02286495
-732.362911854,-871.836931065
-425.861471852,988.977653996
165.933034586,-493.566092792
-202.989202329,819.222686893
130.550206243,-663.34840712
-194.193974063,11.0250082874
-295.928352951,182.175283751
75.6483196513,91.0051722368
-191.611045061,-80.5174338553
-358.992037768,186.040905376
-283.092572812,144.281194129
-300.621201213,74.2830932935
-466.217251718,52.5597050049
-235.316087956,210.483657167
-328.50909239,905.957991323
306.593987171,-889.143970348
-242.224755874,874.827178969
-283.452596729,166.706252229
-381.306763303,862.357399195
-308.097749772,897.131042747
-803.287982056,-928.424520169
-288.404832299,39.5220358472
-338.469699821,-30.2635656264
-126.093512321,65.1464530123
-388.374952771,1025.03294165
-459.762461506,951.448198692
268.917654341,-478.633757906
-72.6447892208,63.9483568745
-343.716176443,18.797135708
296.559489941,-780.070902504
-301.896657914,46.9749154467
-27.3784546479,-76.3611134894
-685.32194743,-944.074164259
-753.615513102,-939.199412646
-344.167457359,-50.9825800569
-98.4607139084,55.3750822231
20.3746996556,60.5933293171
193.00480057,113.701110487
136.396372793,-70.4425123259
204.645829639,-661.733224564
-238.964526434,950.295861369
323.461175019,-659.305215516
-361.99589128,1179.15111421
-886.513120004,-986.599954026
-186.743929703,910.799151443
180.640228617,-715.41272888
200.365355449,-707.807991985
49.0481810454,-767.55190439
186.687936031,-620.939600388
-309.557851939,57.6892672377
-96.710733532,-90.4003494038
98.7703234387,394.855610954
-17.440438688,135.781923758
308.052167899,-727.137577008
-410.001540536,49.3337800935
-711.767073188,-712.128283203
-10.0494270612,95.4376731633
132.608703202,66.2620840445
-368.137793955,815.690267261
-339.031258938,900.690671847
163.288962247,-744.528889966
-897.864613407,-879.424536314
-852.11933161,-853.020250518
182.422958757,-695.769687595
107.807757744,-821.804847174
-199.581205532,65.6574072302
-14.0849918051,115.785447239
290.604514114,-933.199099119
-328.775452236,787.35979798
-792.750136278,-840.72544668
-538.317808609,106.538826679
130.715674933,-784.338809414
-392.625753582,3.21207983262
31.7415052574,115.623865329
-680.699546238,-1161.1403575
4.43356866341,113.727612045
-779.498713059,-881.29344104
-45.3941969967,189.560448713
-821.477028494,-926.435279044
-995.170469762,-1005.66293926
-764.094886971,-1126.77211791
-677.963337126,-957.26215149
186.525036047,-700.942489418
313.744234459,-715.035013708
-789.219612524,-816.257586458
-120.416930997,1.71123093129
-922.27665798,-991.346885686
-345.11242918,940.679179776
-208.840204506,857.204784634
-354.114059829,853.164732485
-426.720343518,299.165900841
-63.897029443,121.497811165
-685.43250817,-799.757542758
41.9994488607,213.565581834
162.473686582,109.356885264
404.08514678,-774.792008529
-368.471478554,943.089334846
-798.128396383,-1001.02398084
-893.560423632,-761.416895341
-238.159407351,841.822907942
-230.86244235,880.258540233
-909.006046296,-1063.42271818
-511.705609196,108.048753278
-256.245273764,194.029332595
-320.560792048,-34.246005774
-543.334032874,115.717010128
-205.796539298,1148.80672308
-364.036776077,745.408042793
-303.464014819,145.721439824
342.16494333,-579.137812619
80.9192622808,102.931546191
-51.8583001758,36.628758488
174.308256942,-766.217045223
106.204386012,-720.324236049
-703.924863401,-1009.46777885
42.0678824713,100.274056935
286.06236013,-602.074160927
-467.620808059,857.698433899
-486.274534251,954.398629658
-856.981607689,-964.967456393
-171.020017765,137.695348682
-723.436927851,-962.025967627
382.478625497,-804.73911134
35.8711509663,184.75089614
185.826849855,-818.496806004
-458.36278154,182.068991638
-128.832135486,-43.4561988696
-327.257317516,877.350235557
-38.8653404624,89.2915971237
77.160359443,-18.7613280926
216.430297268,-805.114650998
-432.465651124,918.101997684
-838.829659025,-811.624402715
-320.852018609,-151.639340348
-39.1041249904,2.05313796186
-371.137187826,1041.53004243
-262.946744304,853.373660323
-346.832235436,-16.6211216589
-795.971288033,-1080.31671819
241.209365625,-845.523681045
-289.177752667,193.23268323
-938.510652,-862.177480685
-737.590779988,-912.446076951
245.681324756,-646.239220935
124.6252722,-746.556456231
-957.884906563,-1013.84379281
-313.048218794,111.958289883
-937.367366284,-917.145712558
-321.250774782,193.582478582
290.25099705,-621.275326164
-402.935519848,958.695872161
-332.976323579,1039.9661529
-835.304595761,-791.691761532
-45.3046008093,149.221770034
-261.01156307,860.616509387
-750.238073477,-956.035119034
-311.466871739,249.960586859
-306.546748686,85.5610555898
-327.390749423,932.943260564
-764.440471817,-1052.91117488
-104.500705138,215.258213386
151.05118508,-595.098975623
-698.676316254,-813.459961931
-347.911921191,29.4420733258
-493.93760774,29.8575417952
-185.626065811,894.648015223
366.099199645,-714.882130409
-594.280251541,-987.08147106
272.188516197,-802.192920391
-369.060263118,265.230870948
170.112368182,301.735931224
-716.565288573,-973.839078435
-776.889560652,-1062.74838176
-318.243390428,972.386609115
-80.7626798014,727.764617747
206.145387334,-807.957818053
236.387283913,-724.614700842
3.44101275337,49.8455159483
-451.435381228,988.356066418
212.096939075,-586.444021508
120.878351515,140.227794669
-273.500543815,770.662152325
-325.01632166,194.880212131
-509.793789561,957.782808117
-807.887686457,-928.62663271
-252.200496151,926.558809039
-814.740759118,-1038.79393014
-397.826451055,101.432155223
36.359506519,-5.47260397056
-460.959231761,792.990185197
178.573423968,-734.439442157
-797.674241849,-872.752673882
-11.4049205398,-119.954901404
181.181114498,60.3958039084
